37130
37131
37132
37133
37134
37300
37301
37302
37303
37304
37305
37306
37470
37471
37472
37473
37474
37475
37476
37640
37641
37642
37643
37644
37645
37646
37810
37811
37812
37813
37814
37815
37816
37817
37980
37981
37982
37983
37984
37985
37986
37987
38150
38151
38152
38153
38154
38155
38156
38157
38320
38321
38322
38323
38324
38325
38326
38327
38490
38491
38492
38493
38494
38495
38496
38497
38660
38661
38662
38663
38664
38665
38666
38667
38830
38831
38832
38833
38834
38835
38836
38837
39000
39001
39002
39003
39004
39005
39006
39007
39170
39171
39172
39173
39174
39175
39176
39177
39340
39341
39342
39343
39344
39345
39346
39347
39510
39511
39512
39513
39514
39515
39516
39517
39680
39681
39682
39683
39684
39685
39686
