54812
54813
54814
54815
54816
54817
54818
54982
54983
54984
54985
54986
54987
54988
54989
54990
54991
54992
54993
54994
55152
55153
55154
55155
55156
55157
55158
55159
55160
55161
55162
55163
55164
55322
55323
55324
55325
55326
55327
55328
55329
55330
55331
55332
55333
55334
55492
55493
55494
55495
55496
55497
55498
55499
55500
55501
55502
55503
55504
55662
55663
55664
55665
55666
55667
55668
55669
55670
55671
55672
55673
55674
55832
55833
55834
55835
55836
55837
55838
55839
55840
55841
55842
55843
55844
56002
56003
56004
56005
56006
56007
56008
56009
56010
56011
56012
56013
56014
56172
56173
56174
56175
56176
56177
56178
56179
56180
56181
56182
56183
56184
56342
56343
56344
56345
56346
56347
56348
56349
56350
56351
56352
56353
56354
56512
56513
56514
56515
56516
56517
56518
56519
56520
56521
56522
56523
56524
56682
56683
56684
56685
56686
56687
56688
56689
56690
56691
56692
56693
56694
56852
56853
56854
56855
56856
56857
56858
56859
56860
56861
56862
56863
56864
57022
57023
57024
57025
57026
57027
57028
57029
57030
57031
57032
57033
57034
57192
57193
57194
57195
57196
57197
57198
57199
57200
57201
57202
57203
57204
57362
57363
57364
57365
57366
57367
57368
57369
57370
57371
57372
57373
57374
57532
57533
57534
57535
57536
57537
57538
57539
57540
57541
57542
57543
57544
57702
57703
57704
57705
57706
57707
57708
57709
57710
57711
57712
57713
57714
57872
57873
57874
57875
57876
57877
57878
57879
57880
57881
57882
57883
57884
58042
58043
58044
58045
58046
58047
58048
58049
58050
58051
58052
58053
58054
58211
58212
58213
58214
58215
58216
58217
58218
58219
58220
58221
58222
58223
58224
58381
58382
58383
58384
58385
58386
58387
58388
58389
58390
58391
58392
58393
58394
58551
58552
58553
58554
58555
58556
58557
58558
58559
58560
58561
58562
58563
58564
58721
58722
58723
58724
58725
58726
58727
58728
58729
58730
58731
58732
58733
58734
58891
58892
58893
58894
58895
58896
58897
58898
58899
58900
58901
58902
58903
58904
59061
59062
59063
59064
59065
59066
59067
59068
59069
59070
59071
59072
59073
59074
59231
59232
59233
59234
59235
59236
59237
59238
59239
59240
59241
59242
59243
59244
