30020
30021
30190
30191
30360
30361
30531
30532
30701
30702
30871
30872
31041
31042
31212
31213
31382
31383
31552
31553
31722
31723
32063
32064
32233
32234
32403
32404
32914
32915
33084
33085
33254
33255
33595
33596
33765
33766
33935
33936
34105
34106
34275
34276
34786
34787
34956
34957
35126
35127
35296
35297
35807
35808
35977
35978
36147
36148
36317
36318
36658
36659
36828
36829
36998
36999
37168
37169
37338
37339
37509
37510
37679
37680
37849
37850
37851
38020
38021
38191
38192
38361
38362
38363
38532
38533
38534
38703
38704
38873
38874
38875
39044
39045
39046
39214
39215
39216
39385
39386
39555
39556
39557
39725
39726
39727
39896
39897
40066
40067
40236
40237
40406
40407
40917
40918
41087
41088
41257
41258
41428
41429
41598
41599
41600
41769
41770
41939
41940
42109
42110
42280
42281
42450
42451
42620
42621
42790
42791
42792
42960
42961
42962
43130
43131
43132
43301
43302
43471
43472
43641
43642
43811
43812
43981
43982
44151
44152
44321
44322
44323
44492
44493
44662
44663
44832
44833
45002
45003
45172
45173
45342
45343
45344
45512
45513
45514
45682
45683
45684
45853
45854
46023
46024
46193
46194
46363
46364
46533
46534
46703
46704
46873
46874
